$ANSIBLE_VAULT;1.1;AES256
65303966333366653833613266643734626634393838373338376365623332626239336338383937
3139613566353036356330666334623732666661386235640a623638646465373965346235656537
34373662303030386263353039363831613364663638363965643461326666336264633831633662
6331363565373566650a343165663430373832346239373365343630656635616162333461363962
36653563656330383366343432336135373463393863346461373066636434363239306665306531
65363730353961393066393466656563623935316331386165643235326563363461303734666639
39313262303865323839653461343566623139353834666266346162366465656362303136366335
63373061323663633861653463356234373833323463633466326362623738663236356438313261
32363563306437663934323030666239333039396663643465373032376565373630646532663934
61663565396364333531616133356663396463313038343435613837663231386133626332356233
62323066393764313333656438323034393737613436386661366336363536333763613132366638
61356433623233356461633632333865356134306134396161613033666635346663643836633330
33613533326665663762646134393264663731383331396464643465323233653562376133336137
34383131623164386566343632353439336266636635623461376132343864616132643765336362
34623661633139616364623238393333396535363939323666663433313765373461626237326331
66653334346366366664356466626434316134303863323535643230666566623435383131386362
62363163366535343562363832346162613030616434656237626630336632663134623063376237
61303635363637373261626161346639383033316435336433356430353237376431323062653961
30343136623538373334383635303436363333623131333766396561313962333762356339316265
38356265656365666534333164343634393666653332303662643537653165343537386661336436
34613866343033303937303530646435653834616663626165393730626535643765363066653061
64373939373939353664396263386364373936306134366262643566613136346530613164646162
37306562663664653063373466313231343065633131386366343964356263623632356331633864
33656530356363323537366565343562346232343037306634656666396662393066643364643566
34383265313631316663653662343238636131366138626130303237346461643339306365336633
61623066633936353932356564383464363165373131323565366630333837396135636336613532
32333132323531636138363634663738316562333735333436323262343736326136613431323235
33316238343066366565
